1748225172761 0.6284685134887695 0
1748225177875 0.6449712514877319 1
1748225183076 0.6504722237586975 2
1748225188183 0.6574822068214417 3
1748225194658 0.6614740490913391 4
1748225204695 0.6666828989982605 5
1748225213139 0.6744231581687927 6
1748225221332 0.6814331412315369 7
1748225228591 0.6850355267524719 8
1748225235479 0.6852302551269531 9
1748225243808 0.6917048096656799 10
1748225250631 0.6972057223320007 11
1748225258358 0.6991042494773865 12
1748225267844 0.70484858751297 13
1748225273185 0.7064064145088196 14
1748225280332 0.710641622543335 15
1748225286054 0.7155097126960754 16
1748225290600 0.7177489995956421 17
1748225296031 0.7215948104858398 18
1748225301232 0.7242722511291504 19
