1748225172761 0.795403003692627 0
1748225177875 0.7593538165092468 1
1748225183076 0.747664213180542 2
1748225188183 0.7381471991539001 3
1748225194658 0.7277292013168335 4
1748225204695 0.7176063656806946 5
1748225213139 0.7064513564109802 6
1748225221332 0.6969144940376282 7
1748225228591 0.6894799470901489 8
1748225235479 0.6794859766960144 9
1748225243808 0.6717825531959534 10
1748225250631 0.662242591381073 11
1748225258358 0.6548054814338684 12
1748225267844 0.6482784748077393 13
1748225273185 0.642254114151001 14
1748225280332 0.6365289092063904 15
1748225286054 0.630124032497406 16
1748225290600 0.623558759689331 17
1748225296031 0.6171872615814209 18
1748225301232 0.6129664182662964 19
