1748226687573 0.6288579702377319 0
1748226696003 0.6509103178977966 1
1748226703838 0.6586018800735474 2
1748226711738 0.669701099395752 3
1748226719765 0.6871774792671204 4
1748226730075 0.7078181505203247 5
1748226737494 0.7239314317703247 6
1748226745087 0.7529451847076416 7
1748226752554 0.7683283090591431 8
1748226759724 0.789699137210846 9
1748226767920 0.8079057335853577 10
1748226775737 0.8247005939483643 11
1748226786626 0.8384772539138794 12
1748226795651 0.8524973392486572 13
1748226805254 0.8635965585708618 14
1748226815959 0.8735761046409607 15
1748226823254 0.8769350647926331 16
1748226830371 0.8875961303710938 17
1748226840185 0.8918800354003906 18
1748226848391 0.8972349166870117 19
