1748226687573 0.7889443635940552 0
1748226696003 0.7563638091087341 1
1748226703838 0.7366499304771423 2
1748226711738 0.715261697769165 3
1748226719765 0.682849109172821 4
1748226730075 0.6478004455566406 5
1748226737494 0.6095471382141113 6
1748226745087 0.5614413619041443 7
1748226752554 0.5245628356933594 8
1748226759724 0.48086071014404297 9
1748226767920 0.4417125880718231 10
1748226775737 0.40559515357017517 11
1748226786626 0.37628981471061707 12
1748226795651 0.3485548198223114 13
1748226805254 0.32392987608909607 14
1748226815959 0.30355554819107056 15
1748226823254 0.29112035036087036 16
1748226830371 0.27121493220329285 17
1748226840185 0.25951120257377625 18
1748226848391 0.24507133662700653 19
