1748225972622 0.624914824962616 0
1748225980257 0.6439489722251892 1
1748225987261 0.6493525505065918 2
1748225993959 0.6521273255348206 3
1748226003046 0.660062313079834 4
1748226008987 0.6622042655944824 5
1748226014862 0.6709668040275574 6
1748226021850 0.6756401658058167 7
1748226027139 0.6817739009857178 8
1748226034211 0.6888326406478882 9
1748226044759 0.6936520338058472 10
1748226052441 0.6977899074554443 11
1748226057793 0.7020251154899597 12
1748226064496 0.7064064145088196 13
1748226068791 0.7097653746604919 14
1748226072883 0.7179437279701233 15
1748226076751 0.7195501923561096 16
1748226080720 0.7239801287651062 17
1748226084060 0.7314282655715942 18
1748226088033 0.7330347299575806 19
