1748225972622 0.7951897382736206 0
1748225980257 0.7631157636642456 1
1748225987261 0.7524409890174866 2
1748225993959 0.7459561228752136 3
1748226003046 0.7360481023788452 4
1748226008987 0.7291455268859863 5
1748226014862 0.7172839641571045 6
1748226021850 0.7086237668991089 7
1748226027139 0.7009027600288391 8
1748226034211 0.6898338794708252 9
1748226044759 0.680230438709259 10
1748226052441 0.6713319420814514 11
1748226057793 0.6625648736953735 12
1748226064496 0.6548177003860474 13
1748226068791 0.6438727378845215 14
1748226072883 0.6360087394714355 15
1748226076751 0.6282482743263245 16
1748226080720 0.6195555925369263 17
1748226084060 0.6109031438827515 18
1748226088033 0.6062261462211609 19
