1748225550949 0.6255963444709778 0
1748225559750 0.6448252201080322 1
1748225565936 0.6523220539093018 2
1748225572121 0.6601596474647522 3
1748225577821 0.666634202003479 4
1748225589559 0.6806542873382568 5
1748225596376 0.690487802028656 6
1748225602712 0.7027066349983215 7
1748225610359 0.7116639018058777 8
1748225615915 0.7267062664031982 9
1748225621646 0.7343491315841675 10
1748225627565 0.7453023195266724 11
1748225632613 0.7521176338195801 12
1748225637529 0.7633141875267029 13
1748225642400 0.7724174857139587 14
1748225649138 0.7822510004043579 15
1748225653703 0.7912082672119141 16
1748225659750 0.7995326519012451 17
1748225665228 0.8062992691993713 18
1748225670944 0.8117515444755554 19
