1748225550949 0.7969465255737305 0
1748225559750 0.7610483169555664 1
1748225565936 0.7481045126914978 2
1748225572121 0.733195424079895 3
1748225577821 0.7193368077278137 4
1748225589559 0.6987341046333313 5
1748225596376 0.6812704801559448 6
1748225602712 0.6600450277328491 7
1748225610359 0.6378782391548157 8
1748225615915 0.6180043816566467 9
1748225621646 0.5964766144752502 10
1748225627565 0.5743316411972046 11
1748225632613 0.5570221543312073 12
1748225637529 0.5395308136940002 13
1748225642400 0.5207734107971191 14
1748225649138 0.504054605960846 15
1748225653703 0.4872429370880127 16
1748225659750 0.4703948199748993 17
1748225665228 0.45927849411964417 18
1748225670944 0.4414895474910736 19
