1748225375589 0.6234543919563293 0
1748225383594 0.647697389125824 1
1748225388417 0.6490117907524109 2
1748225392300 0.6509590148925781 3
1748225396043 0.6539772152900696 4
1748225400113 0.6584558486938477 5
1748225404793 0.6608412265777588 6
1748225409837 0.6665368676185608 7
1748225415308 0.6668776273727417 8
1748225419826 0.6697984337806702 9
1748225426019 0.6726706027984619 10
1748225432070 0.6742770671844482 11
1748225440124 0.6748125553131104 12
1748225445249 0.6771979331970215 13
1748225449416 0.6824067831039429 14
1748225453033 0.6836237907409668 15
1748225456708 0.6845000386238098 16
1748225460870 0.68951416015625 17
1748225464637 0.6889786720275879 18
1748225469365 0.6931652426719666 19
