1748225375589 0.8024531006813049 0
1748225383594 0.7629020810127258 1
1748225388417 0.7556520700454712 2
1748225392300 0.7496793270111084 3
1748225396043 0.7440459728240967 4
1748225400113 0.7373063564300537 5
1748225404793 0.7313178181648254 6
1748225409837 0.7279393672943115 7
1748225415308 0.722263753414154 8
1748225419826 0.7175737023353577 9
1748225426019 0.7123998403549194 10
1748225432070 0.7069512009620667 11
1748225440124 0.7030327916145325 12
1748225445249 0.6979955434799194 13
1748225449416 0.6941826939582825 14
1748225453033 0.6905657649040222 15
1748225456708 0.687825620174408 16
1748225460870 0.6834276914596558 17
1748225464637 0.6791526079177856 18
1748225469365 0.675748348236084 19
