1748228660381 0.63411545753479 0
1748228666655 0.6481355428695679 1
1748228673090 0.6601596474647522 2
1748228681045 0.673303484916687 3
1748228688207 0.6939927935600281 4
1748228694108 0.7086943984031677 5
1748228700848 0.7353714108467102 6
1748228707678 0.7551844716072083 7
1748228714881 0.7758738398551941 8
1748228720421 0.7971959710121155 9
1748228727387 0.8162788152694702 10
1748228734071 0.8354103565216064 11
1748228740632 0.8459254503250122 12
1748228751612 0.8602375388145447 13
1748228768623 0.8717749118804932 14
1748228781448 0.8821925520896912 15
1748228789901 0.888764500617981 16
1748228802725 0.8963099718093872 17
1748228825666 0.8992795348167419 18
1748228838213 0.9066789746284485 19
