1748228660381 0.7847862243652344 0
1748228666655 0.7558753490447998 1
1748228673090 0.7340142130851746 2
1748228681045 0.7093942761421204 3
1748228688207 0.6724085211753845 4
1748228694108 0.6384610533714294 5
1748228700848 0.5935095548629761 6
1748228707678 0.5514503717422485 7
1748228714881 0.5069140195846558 8
1748228720421 0.4610259234905243 9
1748228727387 0.42252233624458313 10
1748228734071 0.38728010654449463 11
1748228740632 0.357710063457489 12
1748228751612 0.3297925889492035 13
1748228768623 0.3048427700996399 14
1748228781448 0.28278425335884094 15
1748228789901 0.2668339014053345 16
1748228802725 0.24781374633312225 17
1748228825666 0.24312080442905426 18
1748228838213 0.22200928628444672 19
