1748226993770 0.6279330253601074 0
1748227006126 0.6473079323768616 1
1748227018242 0.6557784080505371 2
1748227031080 0.6637133955955505 3
1748227043050 0.6718430519104004 4
1748227050680 0.6889299750328064 5
1748227054923 0.7052380442619324 6
1748227059113 0.7201830148696899 7
1748227064159 0.7342517971992493 8
1748227069965 0.7501217126846313 9
1748227076267 0.7651153802871704 10
1748227089266 0.7785999178886414 11
1748227099594 0.7910622358322144 12
1748227110079 0.801723301410675 13
1748227118238 0.8106318712234497 14
1748227125043 0.8233862519264221 15
1748227136681 0.8314672112464905 16
1748227150132 0.8413494229316711 17
1748227158974 0.8500146269798279 18
1748227166230 0.8556615710258484 19
