1748226993770 0.7950077056884766 0
1748227006126 0.7577191591262817 1
1748227018242 0.7415170669555664 2
1748227031080 0.7265903949737549 3
1748227043050 0.7051911950111389 4
1748227050680 0.6806086301803589 5
1748227054923 0.6499159932136536 6
1748227059113 0.6246241927146912 7
1748227064159 0.592698872089386 8
1748227069965 0.5642300844192505 9
1748227076267 0.5364898443222046 10
1748227089266 0.5060372948646545 11
1748227099594 0.4820527136325836 12
1748227110079 0.4615246057510376 13
1748227118238 0.436531126499176 14
1748227125043 0.41528668999671936 15
1748227136681 0.39523911476135254 16
1748227150132 0.3774571716785431 17
1748227158974 0.3587833344936371 18
1748227166230 0.3504978120326996 19
