1748227847544 0.631486713886261 0
1748227854640 0.6500340700149536 1
1748227861505 0.6611819863319397 2
1748227869893 0.6753480434417725 3
1748227877961 0.691364049911499 4
1748227886813 0.711420476436615 5
1748227895395 0.733424186706543 6
1748227909921 0.7569370269775391 7
1748227920048 0.7803037762641907 8
1748227930598 0.8016259074211121 9
1748227942641 0.8230941295623779 10
1748227950102 0.83818519115448 11
1748227958433 0.8491383790969849 12
1748227966076 0.8625742197036743 13
1748227972029 0.8719696402549744 14
1748227978617 0.885697603225708 15
1748227985093 0.8940219879150391 16
1748227990854 0.8961153030395508 17
1748227998051 0.8997663259506226 18
1748228004398 0.9069223999977112 19
