1748227847544 0.784809947013855 0
1748227854640 0.7539548277854919 1
1748227861505 0.7340037226676941 2
1748227869893 0.7097896337509155 3
1748227877961 0.6758185029029846 4
1748227886813 0.6353938579559326 5
1748227895395 0.5926413536071777 6
1748227909921 0.5448602437973022 7
1748227920048 0.503144383430481 8
1748227930598 0.45898669958114624 9
1748227942641 0.4177776873111725 10
1748227950102 0.3815276622772217 11
1748227958433 0.3545898199081421 12
1748227966076 0.3262583613395691 13
1748227972029 0.30307772755622864 14
1748227978617 0.27676108479499817 15
1748227985093 0.2588725686073303 16
1748227990854 0.2526456415653229 17
1748227998051 0.24134354293346405 18
1748228004398 0.2230776697397232 19
