1748227534641 0.6282737851142883 0
1748227543769 0.6435108780860901 1
1748227554585 0.6540259122848511 2
1748227563472 0.6598675847053528 3
1748227571285 0.6701392531394958 4
1748227578687 0.6854736804962158 5
1748227589286 0.6986174583435059 6
1748227603837 0.7127348780632019 7
1748227615669 0.7287995219230652 8
1748227629869 0.7444260716438293 9
1748227641800 0.7584460973739624 10
1748227647484 0.7728556394577026 11
1748227653072 0.7852692008018494 12
1748227658784 0.7982669472694397 13
1748227664631 0.8099503517150879 14
1748227676354 0.8210982084274292 15
1748227683123 0.8291792273521423 16
1748227689399 0.8367734551429749 17
1748227697171 0.8425664305686951 18
1748227709819 0.8490896821022034 19
