1748227534641 0.7919060587882996 0
1748227543769 0.7585684061050415 1
1748227554585 0.7447842359542847 2
1748227563472 0.7307504415512085 3
1748227571285 0.7126263380050659 4
1748227578687 0.6884687542915344 5
1748227589286 0.660157322883606 6
1748227603837 0.633189857006073 7
1748227615669 0.6034496426582336 8
1748227629869 0.572948694229126 9
1748227641800 0.546636164188385 10
1748227647484 0.5189865231513977 11
1748227653072 0.49414747953414917 12
1748227658784 0.4660504460334778 13
1748227664631 0.4441831409931183 14
1748227676354 0.4217865765094757 15
1748227683123 0.4012378454208374 16
1748227689399 0.38802608847618103 17
1748227697171 0.37149131298065186 18
1748227709819 0.3550044894218445 19
